1459756.384788
1459756.763263
1459758.022212
1459758.773529
1459759.089676
1459759.543742
1459760.229261
1459760.539191
1459760.914791
1459761.569262
1459762.042162
1459763.354216
1459764.264983
1459764.656203
1459765.003602
1459765.660877
1459766.327616
1459766.822079
1459767.207056
1459767.663999
1459768.534037
1459768.922118
1459769.360403
1459769.876852
1459770.318151
1459770.950531
1459771.366737
1459771.992539
1459772.324190
1459772.671451
1459773.297363
1459773.785603
1459774.305063
1459774.664981
1459774.968531
1459775.281527
1459776.355306
1459776.968826
1459778.007870
1459780.722207
1459782.618718
1459784.471794
1459784.894479
1459785.342075
1459785.824188
1459786.447288
1459786.813602
1459787.161076
1459787.743473
1459788.241167
1459788.719997
1459790.429063
1459791.051920
1459791.643348
1459792.040866
1459798.469737
1459799.533855
1459800.432266
1459801.358862
1459802.016303
1459803.462588
1459803.891586
1459804.530308
1459805.523207
1459806.518941
1459809.169716
1459809.570208
1459810.218072
1459810.587208
1459811.360535
1459813.517207
1459813.921099
1459814.600454
1459815.029407
1459815.411471
1459815.843696
1459816.210015
1459816.701530
1459818.007094
1459818.454675
1459819.108978
1459821.468996
1459821.950949
1459822.417170
1459823.105721
1459823.697323
1459824.360794
1459824.748853
1459825.124343
1459825.546944
1459825.887984
1459826.307321
1459826.795540
1459827.487449
1459827.956803
1459828.501604
1459829.171505
1459829.581579
1459829.947923
1459830.323556
1459830.877579
1459831.381406
1459831.810192
1459832.404795
1459832.808397
1459833.126622
1459833.725308
1459834.062021
1459834.433060
1459834.825858
1459834.966143
1459835.118907
1459835.471133
1459835.789268
1459836.344428
1459836.930617
1459837.856621
1459838.536266
1459838.932269
1459839.356391
1459839.714899
1459840.294753
1459840.678181
1459841.127180
1459841.286129
1459841.782025
1459842.184816
1459842.225466
1459842.862931
1459843.296991
1459843.487465
1459843.697040
1459844.303859
1459844.609979
1459844.947201
1459844.987743
1459845.528276
1459846.035180
1459846.635519
1459847.098408
1459847.567206
1459848.151698
1459848.814518
1459848.992425
1459849.426865
1459849.539342
1459849.745726
1459850.983562
1459851.377462
1459851.683732
1459852.143464
1459852.493467
1459853.131075
1459853.593642
1459854.203073
1459854.718853
1459855.256594
1459855.584743
1459856.097335
1459856.456857
1459856.766207
1459857.366169
1459858.041205
1459858.722594
1459859.381986
1459860.000851
1459860.672722
1459861.047702
1459861.722985
1459862.835394
1459863.148029
1459863.754598
1459864.098333
1459864.570428
1459864.933106
1459865.255075
1459865.739723
1459866.277204
1459866.974088
1459867.627468
1459867.943435
1459868.446973
1459868.900054
1459869.309599
1459869.822336
1459870.466752
1459870.842125
1459871.201469
1459871.507732
1459871.838858
1459872.142075
1459872.736075
1459873.395594
1459873.970726
1459874.445821
1459874.899077
1459875.596247
1459876.221336
1459876.790727
1459877.266340
1459878.094854
1459878.476207
1459878.685598
1459878.935600
1459879.588537
1459880.076334
1459880.530056
1459881.005578
1459881.615434
1459882.087121
1459882.236782
1459882.249186
1459882.520552
1459882.673544
1459882.932994
1459883.539079
1459884.070432
1459884.514254
1459884.532921
1459884.654489
1459884.882462
1459885.275989
1459885.694631
1459885.860039
1459886.547507
1459887.026172
1459887.711205
1459887.983207
1459888.405717
1459888.887335
1459888.974796
1459889.468493
1459890.202470
1459890.324329
1459890.521146
1459890.899532
1459891.433988
1459891.927989
1459892.249994
1459893.237490
1459893.359313
1459893.805974
1459894.152818
1459894.299834
1459894.853078
1459895.462661
1459895.962781
1459896.422074
1459896.528204
1459897.003348
1459897.025225
1459897.587856
1459898.062908
1459898.703669
1459899.228725
1459899.694466
1459900.319347
1459900.975907
1459901.332204
1459902.025985
1459902.601203
1459903.010895
1459903.645175
1459903.904409
1459904.185603
1459904.679074
1459905.328808
1459905.978685
1459906.009846
1459906.053413
1459906.530592
1459906.999365
1459907.164846
1459907.633383
1459908.148074
1459908.169941
1459908.369591
1459908.822954
1459909.350497
1459909.515827
1459909.815721
1459910.458733
1459911.129367
1459911.584481
1459911.990336
1459912.015337
1459912.614595
1459913.170781
1459913.189514
1459913.283145
1459913.592361
1459913.926719
1459914.439203
1459915.092467
1459915.489312
1459915.839413
1459916.473830
1459917.092593
1459917.720717
1459918.320680
1459918.636331
1459918.945740
1459919.608460
1459920.302205
1459920.636592
1459921.111594
1459921.458413
1459921.908334
1459922.595961
1459923.105332
1459923.711850
1459924.018202
1459924.346333
1459924.830849
1459925.133949
1459925.537072
1459926.093333
1459927.227717
1459927.540205
1459927.877853
1459928.484076
1459928.993415
1459929.371592
1459929.865335
1459930.409196
1459930.527933
1459931.131074
1459931.693600
1459932.340461
1459932.771857
1459933.293720
1459933.762721
1459934.297172
1459934.875412
1459935.441088
1459936.334689
1459936.487848
1459936.916297
1459936.922478
1459937.350796
1459937.678983
1459938.044727
1459938.163546
1459938.482334
1459939.154411
1459939.467059
1459939.735930
1459939.839074
1459940.432721
1459940.576643
1459940.911077
1459941.129851
1459941.714465
1459942.320849
1459942.567851
1459942.842768
1459943.292726
1459943.983722
1459944.358893
1459944.490009
1459944.524331
1459945.042943
1459945.046030
1459945.364855
1459945.674332
1459946.262160
1459946.680981
1459947.121720
1459947.424980
1459947.921979
1459948.419031
1459948.606593
1459948.946978
1459949.062621
1459949.508591
1459950.179671
1459950.785598
1459951.138985
1459951.523580
1459952.177046
1459952.586722
1459953.202790
1459953.565597
1459954.193853
1459954.590933
1459954.909855
1459955.253739
1459956.182335
1459956.751332
1459957.354464
1459957.807828
1459958.436078
1459959.133210
1459960.058812
1459960.671336
1459961.265257
1459961.796596
1459962.249673
1459962.384208
1459962.956203
1459963.425074
1459963.947075
1459964.622269
1459965.044205
1459965.316208
1459965.369182
1459965.700061
1459966.271884
1459966.278063
1459966.734354
1459967.362429
1459967.737456
1459967.937583
1459968.306327
1459968.715297
1459969.130343
1459969.236591
1459969.505591
1459970.015333
1459970.406204
1459970.874981
1459971.546998
1459971.959899
1459972.504075
1459973.092335
1459973.743020
1459974.233933
1459974.649703
1459975.259460
1459975.869861
1459976.366768
1459976.741846
1459977.101205
1459977.463721
1459978.116852
1459978.754465
1459978.798204
1459979.320072
1459979.782595
1459980.267211
1459980.910981
1459981.386465
1459981.805351
1459982.480603
1459982.877335
1459983.358861
1459983.837076
1459984.318569
1459984.871836
1459985.194220
1459985.634997
1459986.325979
1459986.744852
1459987.260592
1459987.698073
1459988.013950
1459988.479590
1459988.714076
1459988.858208
1459989.489596
1459989.811434
1459990.380204
1459990.805204
1459991.167717
1459991.761463
1459992.089720
1459992.455331
1459992.986850
1459993.139927
1459993.571212
1459993.871204
1459994.533719
1459994.855587
1459995.540074
1459996.096462
1459996.574720
1459996.912202
1459997.546601
1459997.856157
1459998.378079
1459998.968976
1459999.328331
1459999.931826
1460000.031893
1460000.460554
1460000.763985
1460001.136360
1460001.755206
1460002.289700
1460002.799074
1460003.452460
1460003.830591
1460004.311851
1460004.952555
1460005.452552
1460006.130984
1460006.712202
1460007.184041
1460007.771585
1460007.912204
1460008.268466
1460008.890329
1460009.196592
1460009.753077
1460010.218726
1460010.721850
1460011.403073
1460011.749980
1460012.206202
1460012.793937
1460013.234590
1460013.240788
1460013.253204
1460013.256271
1460018.656654
