1459754.897488728
1459755.464958498
1459755.789179678
1459756.381505151
1459756.759802805
1459757.454148340
1459758.019408691
1459758.419669804
1459758.770898546
1459759.087211322
1459759.541399280
1459760.226542060
1459760.538730987
1459760.911900803
1459761.567250928
1459762.039405289
1459762.672610410
1459763.350849473
1459763.838167611
1459764.262549888
1459764.653798650
1459765.000121771
1459765.660341060
1459766.325510639
1459766.819754306
1459767.203997840
1459767.661296203
1459768.045497260
1459768.531676458
1459768.919837646
1459769.357999539
1459769.875220450
1459770.317432603
1459770.948634468
1459771.365951941
1459771.991190023
1459772.322539106
1459772.670865705
1459773.294139727
1459773.782420336
1459774.303731002
1459774.664127795
1459774.967424695
1459775.278639737
1459775.676832862
1459776.353066295
1459776.966312252
1459777.656553389
1459778.004925174
1459778.592183931
1459779.147358317
1459779.464564558
1459779.771751440
1459780.260941292
1459780.720150084
1459781.268365823
1459781.952788166
1459782.617236734
1459783.213570084
1459783.826824205
1459784.469177955
1459784.891504568
1459785.339873329
1459785.822166476
1459786.445457141
1459786.812791730
1459787.160063240
1459787.740289627
1459788.239550093
1459788.716678625
1459789.315951858
1459789.970347586
1459790.426760350
1459791.050139324
1459791.640504106
1459792.039811437
1459792.622092406
1459793.266336738
1459793.947574958
1459794.502822682
1459794.971060219
1459795.333297176
1459795.806535645
1459796.416762139
1459796.935034040
1459797.425378593
1459797.906770755
1459798.469036231
1459798.863264957
1459799.530437729
1459800.019643849
1459800.431855926
1459800.954041156
1459801.358270316
1459802.013463925
1459802.440687449
1459803.097856932
1459803.461049364
1459803.889257018
1459804.528432364
1459805.220626201
1459805.521809978
1459806.119036641
1459806.516241337
1459807.099449501
1459807.622687482
1459807.954029441
1459808.585331099
1459809.168571021
1459809.567963869
1459810.216409485
1459810.585690243
1459810.953070426
1459811.359370858
1459811.865607258
1459812.364851064
1459812.992047704
1459813.514296385
1459813.917623075
1459814.598905925
1459815.004390535
1459815.409704910
1459815.841984146
1459816.208298557
1459816.698590207
1459817.115873427
1459817.525161937
1459818.006461492
1459818.451783828
1459819.107062685
1459819.798346729
1459820.456665569
1459820.829049056
1459821.465294190
1459821.947573592
1459822.414810095
1459823.104065696
1459823.694445537
1459824.358697104
1459824.746950495
1459825.122212072
1459825.546438022
1459825.887647738
1459826.303788570
1459826.794012230
1459827.485251511
1459827.956462261
1459828.498613402
1459829.170821149
1459829.578958531
1459829.945120510
1459830.321466488
1459830.876715064
1459831.379935085
1459831.809215810
1459832.402443948
1459832.805802531
1459833.123030496
1459833.722384451
1459834.058753299
1459834.431042436
1459835.117306412
1459835.467665780
1459835.786901222
1459836.341131599
1459836.928328351
1459837.241701946
1459837.855139821
1459838.533434959
1459838.930813584
1459839.354105970
1459839.714325827
1459840.293535508
1459840.674940853
1459841.125187682
1459841.781309701
1459842.223444467
1459842.860670572
1459843.293878623
1459843.694201331
1459844.300444987
1459844.984734179
1459845.524960862
1459846.034191495
1459846.633368584
1459847.095561622
1459847.563708434
1459848.148910246
1459848.813094486
1459849.424358584
1459849.743597747
1459850.388815569
1459850.981017455
1459851.374148903
1459851.681382256
1459852.142558854
1459852.492741816
1459853.128949316
1459853.590309268
1459854.199561281
1459854.717804600
1459855.254044289
1459855.582268272
1459856.096474683
1459856.453712742
1459856.764915235
1459857.365145792
1459858.040470236
1459858.719673606
1459859.380987664
1459860.000265461
1459860.669534210
1459861.044793893
1459861.720931499
1459862.194198493
1459862.832420544
1459863.144707159
1459863.751042552
1459864.097314745
1459864.568521773
1459864.930745195
1459865.251977692
1459865.737258559
1459866.275491725
1459866.970742759
1459867.626993673
1459867.941179778
1459868.443382284
1459868.897618460
1459869.306800543
1459869.820994072
1459870.463199326
1459870.840394460
1459871.200613772
1459871.504805577
1459871.835987511
1459872.140245533
1459872.735436912
1459873.393654883
1459873.967857960
1459874.444047966
1459874.897249837
1459875.593426646
1459876.217795484
1459876.788372105
1459877.262786623
1459877.569133919
1459878.092393264
1459878.473551230
1459878.933776320
1459879.586997657
1459880.073260898
1459880.529503364
1459881.002671168
1459881.611934967
1459882.085284105
1459882.519582847
1459882.931858081
1459883.537326938
1459884.069700809
1459884.653041607
1459885.275373914
1459885.858627476
1459886.545052452
1459887.024455985
1459887.709754182
1459888.403228288
1459888.885666815
1459889.529996354
1459890.201479612
1459890.519850822
1459890.896180343
1459891.432604300
1459891.925074963
1459892.246532182
1459892.608837791
1459893.236321730
1459893.803796907
1459894.297277952
1459894.849650232
1459895.460129825
1459895.961580633
1459896.524876740
1459897.001237173
1459897.586500619
1459898.061880301
1459898.700019721
1459899.227314723
1459899.691587288
1459900.315991180
1459900.975319352
1459901.329602482
1459902.022857967
1459902.600362420
1459903.009687397
1459903.642965065
1459904.184263164
1459904.675502270
1459905.327732252
1459906.008033716
1459906.528416379
1459906.997688842
1459907.616954722
1459908.144407021
1459908.821705520
1459909.348881346
1459909.812270405
1459910.456512394
1459911.126758789
1459911.583179808
1459911.988511347
1459912.611785914
1459913.188042943
1459913.589356151
1459913.924765175
1459914.436125165
1459915.090421401
1459915.486668243
1459915.838854500
1459916.473065503
1459917.089334843
1459917.718676270
1459918.318932515
1459918.635230426
1459918.943461243
1459919.604667227
1459920.299144304
1459920.635589830
1459921.110043326
1459921.457374070
1459921.905619512
1459922.593979202
1459923.103179329
1459923.710472966
1459924.016898925
1459924.343313392
1459924.829642090
1459925.133037311
1459925.534388749
1459926.092551149
1459926.595872118
1459927.226289384
1459927.875713561
1459928.481123265
1459928.992545404
1459929.370775004
1459929.863059262
1459930.526419299
1459931.129758633
1459931.692042129
1459932.337289716
1459932.770568624
1459933.291811622
1459933.760048699
1459934.294260035
1459934.873449629
1459935.438719205
1459935.871929600
1459936.333165921
1459936.915357186
1459937.348535659
1459937.675715357
1459938.042894267
1459938.479113610
1459939.153325813
1459939.464587839
1459939.837858155
1459940.431251008
1459941.126579696
1459941.711994620
1459942.318416825
1459942.839735078
1459943.290023508
1459943.981335790
1459944.520660300
1459945.041964978
1459945.362372620
1459945.672669777
1459946.260924793
1459946.678328074
1459947.120608584
1459947.422948155
1459947.920258919
1459948.417539843
1459948.944918318
1459949.506397598
1459950.176790963
1459950.782281808
1459951.135711327
1459951.520141373
1459952.175500639
1459952.583885567
1459953.201324863
1459953.562782156
1459954.192257189
1459954.587626186
1459954.908030419
1459955.252382005
1459955.726586566
1459956.180815755
1459956.750035938
1459957.351340554
1459957.805635806
1459958.432883868
1459959.130151914
1459959.507405275
1459960.056669165
1459960.667942340
1459961.262233244
1459961.794574557
1459962.382853952
1459962.954152951
1459963.422423562
1459963.945696235
1459964.620993517
1459965.041307775
1459965.698605888
1459966.275913631
1459966.731193802
1459967.361476808
1459967.736765119
1459968.303036758
1459968.713380160
1459969.129735077
1459969.502042005
1459970.014313301
1459970.403564891
1459970.872813728
1459971.546040391
1459971.958243449
1459972.501491325
1459973.090736977
1459973.742164081
1459974.230510270
1459974.646732929
1459975.256967371
1459975.868257251
1459976.364544752
1459976.738909028
1459977.100256297
1459977.460574258
1459978.115777207
1459978.796081302
1459979.317442973
1459979.779752932
1459980.263995060
1459980.909317660
1459981.384579078
1459981.803804728
1459982.478067452
1459982.876354374
1459983.357569136
1459983.834835133
1459984.316134846
1459984.868348692
1459985.190597824
1459985.633785804
1459986.325193064
1459986.742415232
1459987.259676504
1459987.696931423
1459988.011382239
1459988.476625606
1459988.856895135
1459989.486152419
1459989.808350010
1459990.379541601
1459990.802740920
1459991.166042137
1459991.759227664
1459992.088423851
1459992.454585792
1459992.983745018
1459993.567922862
1459993.869114812
1459994.530371457
1459994.854524957
1459995.537681778
1459996.095864120
1459996.573050383
1459996.911227782
1459997.545467054
1459997.853651334
1459998.374806016
1459998.965952501
1459999.327190766
1459999.930381443
1460000.459588021
1460000.761840322
1460001.134157400
1460001.754494711
1460002.288862086
1460002.796032525
1460003.449251929
1460003.827466687
1460004.310647747
1460004.951876370
1460005.449135160
1460006.130429943
1460006.708711713
1460007.182021576
1460007.768183145
1460008.265369316
1460008.886623256
1460009.194034760
1460009.750285265
1460010.217562644
1460010.720769686
1460011.401987510
1460011.748274057
1460012.204483460
1460012.790656980
