576
534
526
476
498
498
490
474
478
488
486
488
312
478
494
492
488
496
476
498
490
494
474
470
496
492
486
492
504
498
488
488
472
486
480
512
478
492
490
492
486
488
488
496
476
488
476
498
488
476
306
498
490
488
490
488
486
484
480
486
490
484
490
486
496
486
484
486
476
474
484
492
486
474
476
494
490
490
488
488
482
482
482
496
476
476
476
478
472
484
482
496
486
484
490
502
478
484
502
482
484
482
482
488
476
480
494
484
478
488
488
500
488
490
498
504
470
486
490
488
488
476
492
504
486
480
494
496
486
488
484
492
492
488
484
490
492
464
490
476
492
492
480
488
486
492
488
490
484
494
494
478
484
492
486
488
476
476
488
478
494
488
482
484
308
478
498
476
486
486
480
496
478
482
484
534
486
488
474
486
494
478
486
486
482
488
476
496
482
474
498
528
492
488
490
492
496
482
482
484
486
482
474
488
472
496
488
482
490
484
490
486
486
494
488
476
488
480
488
482
476
490
478
480
558
476
488
492
498
532
498
502
500
480
480
476
492
488
484
486
490
486
498
486
492
494
494
488
498
496
480
468
494
488
498
496
492
480
482
488
478
478
526
480
482
482
492
572
490
488
502
470
490
478
488
492
474
496
492
488
498
478
486
494
488
476
478
498
488
470
494
474
490
488
498
488
482
498
484
488
534
488
490
490
494
490
482
496
490
492
496
488
498
488
496
488
306
500
488
488
488
488
488
486
476
482
478
474
486
504
496
486
484
486
502
502
488
486
486
486
490
490
486
494
484
488
490
504
480
498
484
488
486
488
474
492
488
480
480
494
490
474
488
482
490
488
488
488
482
496
494
490
472
482
480
484
486
486
488
488
494
528
480
480
480
17016
530
466
486
490
486
480
478
502
490
488
508
502
486
484
490
496
496
484
496
480
490
490
480
470
488
490
496
498
494
482
488
488
482
488
514
486
480
496
484
488
502
476
496
488
496
502
484
474
474
488
484
490
478
498
464
488
472
500
496
496
500
474
498
482
490
484
482
490
488
486
488
486
494
490
492
484
472
478
504
474
480
482
494
482
478
474
478
500
484
500
500
496
494
498
498
500
488
476
474
578
492
488
474
490
484
490
490
502
494
480
482
490
492
486
488
484
492
486
476
492
522
498
480
486
488
488
494
484
484
484
480
526
490
490
486
492
504
470
476
472
498
490
498
490
512
494
482
496
492
494
498
490
472
496
480
474
480
474
486
482
496
492
480
496
482
480
488
488
494
486
494
488
490
502
332
472
498
492
478
496
464
494
474
490
494
464
492
488
480
480
476
480
484
486
494
494
484
498
498
478
482
484
486
486
474
482
482
506
474
482
488
482
492
504
486
500
498
486
494
486
496
482
484
492
486
482
484
480
480
488
462
478
480
480
460
488
472
492
488
488
484
474
490
496
484
484
492
488
482
478
482
498
484
474
492
480
496
488
480
492
272
484
490
484
488
478
500
496
478
486
504
480
492
486
486
490
486
486
490
482
488
496
496
490
480
492
474
480
512
500
490
510
500
490
490
490
488
498
488
488
494
490
498
496
486
490
506
492
496
494
488
494
484
492
490
492
492
498
492
490
504
486
480
486
488
492
474
488
492
496
488
490
492
498
490
490
494
496
492
492
492
476
470
486
484
500
490
466
492
504
482
490
490
484
486
486
488
488
526
488
476
502
484
496
488
526
504
490
486
512
486
490
488
488
494
482
474
494
490
494
490
490
484
496
482
490
494
496
484
478
488
478
484
490
480
490
490
490
484
488
492
482
490
492
476
490
482
500
464
484
496
504
492
494
484
488
488
474
496
486
498
502
494
278
482
482
488
482
484
494
484
490
482
486
476
486
496
488
482
478
486
472
474
488
492
480
474
478
476
490
482
488
486
476
476
486
476
484
478
486
472
306
490
482
480
480
486
488
486
488
484
498
490
472
484
496
478
500
492
490
484
484
490
496
488
486
482
490
492
490
486
482
484
482
456
494
486
484
482
468
482
492
492
474
488
476
476
474
490
488
318
486
490
474
476
490
476
490
486
490
484
482
492
488
482
488
496
486
496
484
480
486
490
494
496
494
534
466
470
480
484
496
486
488
488
486
480
482
492
494
484
500
476
462
482
504
492
498
486
474
474
490
326
490
484
484
488
474
476
486
492
496
490
464
488
480
492
492
488
496
490
488
498
488
490
488
490
482
488
280
492
508
484
488
472
474
486
484
488
486
484
502
476
494
482
474
502
492
486
494
500
490
490
484
