652
564
574
570
570
608
590
574
584
606
590
346
570
598
602
588
564
588
606
600
592
596
602
596
606
574
600
594
598
602
600
604
574
598
604
596
600
604
590
584
582
608
348
580
604
562
582
592
580
592
598
568
568
594
592
564
596
592
600
598
584
590
580
618
572
602
592
600
594
548
606
600
594
590
568
570
562
552
598
602
572
610
600
598
584
564
610
600
602
600
564
574
574
594
572
588
586
570
562
608
602
594
566
594
568
602
568
596
602
604
592
564
580
600
600
608
596
588
580
742
572
596
574
604
602
600
614
600
586
600
596
562
566
596
596
604
596
592
598
586
582
570
600
602
600
590
596
572
602
596
596
584
600
594
600
346
600
594
612
604
566
566
600
604
574
596
602
606
596
558
596
596
604
600
604
610
584
598
594
604
604
572
602
582
600
580
608
600
568
606
602
592
600
570
594
606
354
592
558
604
576
600
592
570
590
570
604
598
564
592
584
586
600
568
592
572
558
572
598
594
602
602
602
572
566
564
564
574
592
552
602
570
568
602
600
604
598
576
560
588
574
598
556
588
594
604
602
596
572
582
560
596
598
598
588
586
560
578
604
592
562
594
596
600
598
606
596
598
560
584
594
602
602
564
570
602
608
602
598
566
576
606
600
606
602
594
606
608
560
586
602
594
602
592
606
602
570
596
598
576
572
606
580
594
576
564
560
572
566
568
594
588
582
560
562
598
568
606
598
598
574
610
596
596
574
566
574
594
594
602
568
570
602
604
602
590
594
594
562
556
590
560
578
558
590
600
568
600
606
598
594
602
594
566
606
592
612
590
576
596
602
608
596
602
594
614
590
602
606
596
590
570
566
566
558
594
576
566
604
600
590
570
592
592
594
604
594
596
604
594
558
596
602
612
578
594
570
590
570
612
602
596
596
598
592
572
600
584
594
570
590
608
592
594
598
588
600
598
564
570
578
598
602
592
592
590
590
586
566
590
600
596
576
600
612
590
566
598
598
600
560
566
594
592
568
596
356
594
606
598
606
568
568
590
576
604
570
578
600
568
588
570
592
598
586
568
596
568
578
592
588
574
566
556
576
600
568
562
594
574
598
572
618
572
568
594
600
598
572
596
582
562
598
600
606
598
578
574
572
594
608
588
600
598
600
570
592
590
598
596
608
602
604
600
616
570
578
580
590
600
592
602
592
570
606
572
590
600
602
564
604
596
594
594
562
606
606
558
572
600
564
608
598
602
564
590
572
612
602
586
566
596
596
588
566
566
598
604
596
602
602
580
596
594
708
588
590
568
596
578
604
592
580
598
606
590
592
602
592
604
602
564
602
584
570
598
568
588
572
592
558
604
590
596
580
600
602
568
556
598
562
564
578
568
594
628
596
600
570
560
566
574
600
584
586
598
566
588
562
566
586
602
598
570
574
574
572
594
592
566
590
564
604
590
566
560
606
584
606
598
578
344
608
594
598
598
590
560
600
598
598
604
598
566
604
556
598
602
586
566
602
612
592
598
598
598
576
616
592
568
572
570
570
564
588
566
594
606
600
582
598
598
356
568
596
598
568
606
600
602
578
562
608
576
568
596
602
600
566
608
596
610
594
592
564
562
588
564
602
568
584
608
600
616
598
598
568
594
568
598
594
570
606
346
564
590
566
568
596
598
598
570
572
590
602
608
592
578
570
588
566
588
576
556
596
598
598
596
612
602
600
596
602
600
604
564
584
560
570
570
566
594
600
596
574
556
602
568
604
580
610
596
570
602
604
590
588
604
596
598
574
598
572
598
584
568
598
564
572
612
610
596
600
564
602
562
592
598
598
564
594
576
570
594
558
596
560
620
600
604
606
564
574
576
576
604
592
568
604
600
556
600
606
610
570
612
570
592
602
596
600
596
568
592
594
592
584
596
578
598
608
596
604
580
582
574
560
622
606
602
580
572
572
602
592
602
600
600
600
590
596
598
596
596
594
592
598
590
592
598
610
596
598
580
584
598
566
600
596
578
578
566
572
604
586
602
596
572
576
600
600
584
566
600
574
602
592
586
602
600
592
608
584
564
552
610
598
558
590
592
600
564
596
566
570
562
604
560
570
602
564
596
570
576
564
586
348
596
596
598
596
598
602
598
592
594
570
596
598
584
580
568
596
596
568
594
576
572
600
598
614
608
556
600
600
570
562
600
592
592
570
604
588
562
602
590
580
582
566
594
604
578
602
584
560
600
596
572
602
600
568
592
570
586
570
600
614
590
602
570
592
610
588
576
598
598
560
578
600
592
