548
400
510
522
528
504
512
504
508
518
526
522
516
522
534
514
528
524
520
528
524
526
504
524
516
516
522
532
502
514
524
516
516
528
522
528
524
516
528
532
506
518
516
526
516
504
528
510
504
518
504
524
528
524
516
524
526
536
584
508
528
530
520
528
518
524
510
516
512
524
554
532
526
510
528
582
524
518
516
524
516
532
526
528
540
522
516
524
326
532
528
518
526
524
536
530
514
518
504
502
502
528
510
508
524
508
522
516
524
520
520
526
516
550
540
524
542
538
530
564
556
534
520
528
536
530
582
534
528
578
524
554
574
528
536
540
548
574
534
326
532
528
562
532
650
550
536
556
540
542
546
548
534
532
538
534
524
578
540
534
548
552
534
534
536
538
1342
572
512
564
576
564
496
506
540
516
508
516
506
504
504
502
524
524
506
504
510
524
500
512
508
510
532
524
502
568
510
508
514
572
502
512
500
538
514
574
506
516
510
530
506
506
516
568
502
500
512
510
498
512
504
518
506
506
510
504
536
502
504
534
500
582
522
558
568
514
496
542
512
520
498
318
564
512
518
502
520
564
510
506
512
522
552
534
506
568
504
502
540
572
506
522
548
506
500
494
532
528
562
510
512
514
502
512
572
500
528
522
506
518
510
574
520
522
510
514
546
588
498
508
510
518
564
564
518
504
512
540
518
504
512
536
510
512
498
528
506
524
510
536
526
520
574
516
516
522
512
526
512
518
520
504
518
324
570
520
508
512
500
512
500
542
508
518
498
508
520
572
514
550
514
500
500
508
522
502
522
506
514
542
566
500
564
500
526
512
514
522
514
502
504
564
508
518
320
568
572
568
518
520
504
498
520
510
532
518
510
502
512
564
506
574
500
510
504
538
508
534
508
518
538
546
538
534
532
570
560
524
544
530
514
570
518
532
510
570
526
510
7266
576
538
502
552
568
558
496
498
536
530
316
570
512
518
508
504
496
512
510
504
502
526
514
528
500
550
566
572
538
526
506
506
500
516
502
564
514
566
562
498
570
502
500
500
500
506
566
538
512
506
502
510
520
500
498
494
510
506
512
506
512
502
570
496
504
500
580
570
570
568
512
504
556
506
564
498
500
320
526
510
518
514
510
502
506
568
522
518
516
520
534
510
502
498
502
566
568
512
512
568
524
570
500
562
508
514
520
498
528
504
580
564
496
566
566
514
536
496
504
544
572
506
518
514
498
542
526
504
498
538
498
554
570
502
530
502
508
504
538
498
542
514
522
530
510
568
514
508
530
514
546
564
510
532
518
502
508
570
558
574
508
506
500
502
532
500
520
522
512
518
570
516
518
520
510
522
542
500
518
540
534
510
536
552
540
558
518
518
568
532
542
548
512
508
516
512
538
502
532
544
538
522
554
522
512
522
510
526
320
538
510
502
544
546
510
528
530
566
536
542
552
528
544
540
576
508
532
540
544
530
568
574
512
568
564
546
536
520
578
556
570
570
570
564
534
528
548
514
642
574
520
528
542
572
542
570
564
548
572
564
538
536
548
574
512
560
518
542
576
536
572
508
538
584
548
568
564
528
572
560
548
572
548
564
518
564
510
528
540
536
518
544
550
564
568
514
526
528
534
556
540
540
508
512
570
554
508
518
530
530
522
526
534
518
536
546
510
494
570
570
508
562
506
542
550
498
500
568
528
502
532
512
514
554
554
528
524
520
574
502
500
502
510
518
496
540
536
536
556
504
568
526
570
524
566
526
566
552
544
532
510
532
532
546
568
528
514
512
570
552
546
530
536
544
568
540
546
570
534
508
516
514
520
530
506
538
532
542
550
528
566
560
538
546
518
552
544
548
532
564
496
508
562
502
318
504
510
502
510
518
572
518
522
570
512
506
500
504
532
508
540
532
514
522
512
560
536
526
516
530
326
560
530
504
516
504
508
496
536
520
526
502
528
516
524
572
506
514
534
516
512
574
504
522
530
560
506
528
536
528
516
560
524
516
550
500
316
534
516
524
534
514
518
518
504
566
502
536
508
530
524
570
520
524
530
510
510
496
516
508
526
530
518
566
514
502
528
528
530
524
516
540
500
508
570
566
532
532
574
564
564
518
576
498
502
510
506
508
520
494
502
556
532
508
512
576
552
560
514
520
572
530
536
538
514
514
542
532
518
560
550
550
540
506
500
524
556
530
526
558
548
536
528
526
530
514
558
534
542
568
570
528
528
536
508
506
538
506
564
544
526
362
528
520
520
524
568
564
538
562
552
578
530
512
502
564
342
562
570
568
520
