1600
976
996
992
996
978
976
974
966
966
976
966
976
972
964
976
968
966
970
968
970
960
960
966
966
970
968
974
966
976
978
968
972
966
954
970
976
970
962
964
976
982
968
956
972
966
978
970
966
974
972
980
970
970
962
974
964
982
968
974
966
962
964
968
966
962
964
978
970
968
972
970
966
958
968
974
972
968
966
962
972
964
976
954
960
966
970
966
964
970
966
966
954
970
968
974
970
968
958
1042
974
960
968
956
988
980
958
974
974
970
972
970
972
1034
974
970
982
980
958
974
966
968
972
986
990
960
974
958
964
968
966
964
974
974
968
974
962
976
970
986
982
964
1036
968
972
968
968
976
974
968
978
970
968
970
966
968
968
980
976
970
962
974
970
976
968
962
936
958
952
980
950
988
972
952
948
972
966
966
960
960
952
968
954
956
964
960
956
966
956
958
948
952
968
960
950
980
968
952
970
968
962
974
960
964
962
992
964
954
976
964
966
964
962
972
1046
968
960
956
964
946
972
968
966
968
956
962
974
968
960
956
962
974
964
970
970
964
970
966
960
966
944
978
956
964
968
974
958
986
958
962
966
946
974
968
986
970
966
958
966
976
954
968
962
960
962
954
966
964
958
962
970
972
962
962
966
950
968
958
968
962
960
970
960
970
966
972
970
1000
956
974
956
962
976
970
956
952
964
968
960
968
974
962
962
956
966
960
960
964
978
974
972
954
956
956
948
968
958
968
970
976
964
974
964
942
964
964
976
968
968
972
968
980
970
958
970
956
968
978
972
968
960
958
958
966
960
950
968
958
982
1048
974
966
962
968
964
946
962
962
972
962
966
978
962
972
956
968
976
976
974
956
962
962
966
968
968
960
962
958
960
978
974
960
960
964
964
968
962
970
954
960
964
960
956
958
964
978
970
962
968
970
970
972
980
960
976
974
960
970
958
960
968
964
970
962
980
958
960
948
962
950
962
972
948
952
968
960
960
958
954
964
960
966
974
962
956
976
974
964
978
958
962
964
968
974
972
962
970
988
958
966
966
954
954
952
966
970
962
968
968
958
956
962
966
1052
956
960
980
968
950
958
976
970
962
952
948
966
974
978
966
980
958
962
966
968
956
948
986
962
952
974
972
952
952
948
962
960
956
958
980
970
954
956
968
950
952
970
966
974
972
1038
974
962
972
946
962
960
970
978
966
964
960
954
972
974
968
968
960
966
976
958
956
970
970
968
978
966
950
1094
962
962
974
964
942
956
962
968
956
966
962
958
960
974
980
976
960
958
950
974
966
960
978
958
966
960
950
960
962
970
978
946
970
960
952
968
962
948
968
966
1062
958
958
966
956
976
966
966
1042
970
972
958
952
962
968
960
962
972
960
964
960
962
968
968
956
972
954
956
968
970
958
952
964
970
960
962
970
968
966
970
962
962
974
970
964
966
960
958
954
964
964
962
962
962
960
964
962
958
962
952
962
942
960
964
946
958
962
956
972
994
960
954
944
954
942
970
962
964
962
974
952
970
964
976
942
958
946
976
968
934
958
964
968
962
948
958
948
958
962
976
966
954
956
966
948
962
948
944
958
934
960
964
946
966
948
974
974
964
964
972
968
954
970
960
964
984
964
960
970
962
958
970
964
986
962
954
968
974
980
750
974
966
956
960
962
956
958
950
964
970
980
968
980
960
1070
958
962
958
974
970
948
980
972
964
960
968
980
956
962
966
980
962
964
970
968
962
980
966
968
962
954
958
966
960
962
976
960
960
958
956
962
964
964
964
966
964
974
976
948
958
966
962
984
968
968
948
962
954
960
978
964
952
964
964
974
950
958
980
978
960
972
962
1042
964
964
950
966
964
972
968
988
954
932
968
972
982
968
960
956
962
942
970
968
956
974
968
966
960
960
962
976
960
970
964
970
962
948
956
966
962
956
952
962
966
966
954
958
950
954
966
964
970
960
966
956
954
980
962
976
968
954
968
972
964
956
968
976
962
972
964
964
966
974
956
962
960
958
968
970
964
960
954
966
968
962
974
962
784
968
968
966
956
982
968
974
968
964
970
972
958
964
976
966
974
968
966
966
970
964
974
960
968
958
976
954
984
740
970
964
968
974
982
960
974
1042
958
986
952
958
970
968
1052
980
964
974
982
978
962
968
970
970
972
984
984
962
976
1048
956
970
968
956
964
1038
976
976
964
954
974
960
970
1048
956
976
982
968
978
968
960
964
964
950
972
982
960
1058
958
962
962
956
970
960
962
998
972
974
972
966
992
966
960
958
960
1000
952
976
954
958
982
964
952
952
962
