1720
1200
1154
1168
1154
1134
1100
1136
1102
1142
1080
1166
1144
1158
1144
1090
1076
1074
1132
1074
1146
1150
1082
1130
1076
1142
1072
1074
1148
1088
1146
1082
1068
1084
1084
1138
1156
1138
1094
1082
1086
1076
1086
1084
1070
1094
1070
834
1074
1082
1078
1072
1236
1090
1088
1080
1140
1092
1122
1088
1146
1098
1142
1120
1130
1084
1080
1072
1094
1152
1132
1140
1074
1060
1086
1084
1074
1086
1072
1142
1106
1140
1146
792
1062
1076
1126
1144
1136
1080
1086
1092
1130
1068
1070
1070
1094
1078
1082
1076
1080
1102
1070
1084
1076
1072
1156
1080
1090
1096
1084
1132
1084
1076
1076
1134
1084
1074
1086
1120
1078
1082
1078
1060
1158
1092
1118
1074
1072
1144
1064
1074
1082
1132
1140
1072
1128
1080
1088
1080
1078
1142
1070
1144
1134
1104
1086
1146
1142
1090
1130
1140
1082
1068
1148
1150
1142
1074
1138
1070
1072
1146
1084
1088
1072
790
1150
1084
1068
1076
1136
1078
1142
1142
1128
1106
1080
1136
1072
1144
1062
1140
1076
1078
1078
1100
1142
1064
1080
1118
1084
1080
1080
1144
1080
1136
1100
1074
1080
1136
1076
1142
1076
1148
1100
1088
1142
1072
1088
1100
1084
1152
1062
1090
1078
1072
1074
1066
1130
1074
1132
1084
1144
1074
1144
1074
1092
1142
1080
1076
1070
1070
1120
1074
1132
1138
1062
1084
1090
1068
1146
1154
1074
1078
1084
1124
1130
1086
1076
1086
1152
1084
1128
1084
1154
1074
1088
1136
1146
1080
1078
1076
1098
1152
1152
1138
1074
1066
1070
1140
1154
1158
1072
1072
1084
1116
1154
1140
1090
1086
1076
1128
1144
1150
1140
1148
1122
1154
1092
1084
1144
1074
1096
1134
1078
1078
1086
1128
1098
1072
1138
1140
1134
1084
1080
1078
1078
1072
1068
1136
1078
1066
1066
1066
1082
1124
1136
1146
1070
1084
1088
1124
1148
1080
1078
1062
1074
1138
1096
1086
1088
1142
1080
1080
1278
1072
1156
1066
1082
1082
1086
1076
1106
1084
1148
1070
1128
1082
1122
1084
1084
1138
1068
1136
1150
1072
1142
1080
1080
1140
1070
1138
1084
1134
1138
1142
1066
1142
1154
1080
1084
1076
1066
1072
1084
1076
1080
1064
1158
1142
1082
1170
1078
1076
1138
1080
1082
1130
1142
1072
1132
1072
1142
1058
1074
1124
1080
1086
1134
1068
1124
1158
1082
1076
1068
1150
1084
1134
1074
1138
1076
8480
1114
1148
1084
1084
1114
1082
1064
1090
1074
1076
1060
1122
1076
1076
1080
1076
1076
1078
1150
1102
1136
1136
1136
1078
1080
1152
1150
1070
1078
1088
1148
1080
1148
1068
1142
1128
1096
1148
1072
1078
1138
1118
1076
1070
1084
1106
1086
1140
1118
1152
1098
1080
1080
1084
1086
1070
1076
1144
1082
1132
1074
1088
1068
1074
1144
1136
1086
1080
1078
1088
1118
1154
1082
1144
1138
1080
1094
1148
1074
1072
1138
1138
1082
1098
1088
1172
1082
1142
1118
1140
1080
1082
1068
1082
1136
1070
1142
1120
1066
1070
1138
1148
1082
1108
1132
1140
1142
1134
1066
1066
1084
1086
1116
1084
1144
1064
828
1148
1070
1150
1072
1114
1078
1136
1088
1086
1154
1066
1086
1128
1140
1072
1080
1060
1062
1144
1070
1066
1068
1144
1146
1082
1090
1146
1132
1072
1148
1136
1082
1132
1092
1144
1144
1066
1160
1144
1066
1084
1124
1084
1144
1130
782
1140
1088
1140
1070
1140
1076
1076
1074
1084
1088
1140
1074
1066
1070
1082
1076
1138
1084
1140
1136
1090
1080
1086
1144
1138
1092
1080
1092
1142
1076
1104
1146
1074
1106
1072
1114
1146
1092
1146
1092
1080
1084
1094
1084
1068
1136
1082
1086
1140
1070
1150
1076
1150
1078
1078
1078
1068
1138
1084
1074
1056
1078
1070
1142
1082
1124
1136
1130
1084
1138
1076
1080
1136
1136
1066
1134
800
1074
1066
1080
1084
1092
1160
1076
1146
1140
1138
1074
1124
1074
1074
1148
1092
1092
1146
1074
1086
1086
1076
1072
1148
1084
1096
1150
1080
1072
1146
1154
1152
1086
1090
1064
1142
1090
1148
1058
1072
794
1076
1150
1058
1132
1064
1140
1144
1074
1152
1078
1078
1072
1074
1076
1066
1116
1080
1066
1130
1144
1136
1150
1070
1070
1076
1072
1064
1064
1078
1134
1080
1078
1074
1070
1138
1068
1144
1080
1126
1132
1134
1136
1150
1072
1074
1066
1072
1064
1080
1072
1138
1074
1068
1116
1130
1146
1104
1072
1080
1146
1108
1076
1144
1066
1128
1080
1072
1074
1108
1132
1062
1074
1066
1070
1126
1104
1144
1082
1086
1146
1126
1068
1122
1096
1114
1084
1110
1148
1088
1076
1132
1074
1078
1148
1078
1144
1070
1148
1098
1082
1084
1068
1072
1156
1108
1076
1076
1086
1060
1070
1082
1078
1080
1078
1132
1094
1072
1096
1060
1088
1084
1132
1086
1088
1152
1154
1076
1138
1154
1106
1112
1076
1140
1152
1080
1062
1140
1142
1088
1086
1082
1142
1072
1066
1074
1078
1144
1058
1072
1084
1076
1070
1072
1064
1128
1072
1144
1078
1084
1154
1076
1074
1070
1154
1142
1144
1084
1098
1082
1146
1066
1076
1136
1090
1078
1076
1144
1158
1080
1086
1066
1144
1074
1080
1080
1078
1088
1084
1084
1074
1146
1102
1136
1088
1072
1070
1142
1082
1074
1072
1132
1084
1126
1140
1078
1128
1148
1084
1120
1066
1082
1070
1144
1086
1070
1084
1142
1076
1148
1132
1066
1078
1064
1088
1134
1152
1156
1084
1122
1156
1080
1074
1080
1076
1078
1154
1070
1066
1142
1154
1098
1120
1092
1074
1136
1066
1074
1078
1078
1148
1086
1092
1098
1098
1076
1084
1128
1124
1096
1082
1130
1102
1088
1126
1116
1090
1058
1070
1122
1128
1150
1084
1090
1078
1088
1138
1114
1068
1142
1120
1062
1148
1094
1102
1146
1064
1134
1080
1068
1080
1090
1146
1082
1110
1080
1118
1140
1092
1116
1066
1142
1086
1114
1062
1136
1094
1088
