2690
1268
1268
1222
1224
1240
1230
1224
1208
1218
1216
1234
1230
1236
1212
1218
1214
1220
1232
1210
1230
1226
1218
1230
1216
1216
1214
1194
1224
1218
1210
1188
1228
1238
1216
1190
1206
1166
1236
1162
1214
1220
1202
1216
1184
1226
860
1164
1220
1224
1166
1222
1232
1202
1188
1240
1206
1230
1214
1220
1202
1180
1220
1238
1224
1216
1242
1192
1208
1222
1222
1226
1216
1240
1240
1214
1232
1232
1220
1216
1228
1226
1198
1212
1230
1202
1222
1160
1180
1238
1228
1214
1320
1236
1222
1236
1224
1234
1216
1226
1220
1214
1212
1230
1224
1230
1222
1228
1242
1232
1238
1176
1212
1210
1218
1242
1232
1244
1216
1222
1220
1242
1222
1214
1246
1216
1230
1232
1232
1224
1216
1236
1230
1220
1222
1234
1234
1214
1222
1220
1236
1224
1240
1214
1216
1240
1174
1222
1230
1240
1220
1224
1218
1238
1222
1190
1226
1180
1218
1228
1230
1234
1216
1240
1206
1232
1218
1228
1220
1224
1214
1228
1212
1230
1216
1218
1224
1224
1222
1232
1218
1232
1220
1230
1226
1226
1232
1228
1190
1210
1210
1220
1224
1220
1200
1238
1234
1220
1228
1210
1230
1234
1170
1224
1210
1170
1220
1218
1228
1208
1144
1238
1220
1212
1210
1222
1238
1210
1226
1236
1230
1232
1224
1226
1220
1234
1198
1216
1214
1224
1224
1202
1216
1178
1230
1224
1220
1212
1222
1224
1232
1232
1214
1218
1226
1220
1218
1226
1230
1168
1230
1242
1214
1208
1212
1218
1228
1228
1232
1228
1232
1236
1186
1220
1210
858
1224
1218
1256
1178
1232
1222
1220
1230
1228
1200
1232
1222
1232
1222
1212
1216
1230
1220
1230
1222
1232
1220
1228
1240
1226
1210
1232
1256
1220
1244
1248
1240
1226
1216
1232
1222
1234
1224
1234
1242
1266
1226
1164
1212
1240
1178
1220
1212
1218
1216
1186
1220
1222
1236
1240
1218
1226
1244
1236
1218
1222
1222
1222
1212
1230
1222
1174
1222
1214
1230
1236
1230
1204
1224
1180
1242
1168
1230
1216
1230
1220
1206
1208
1214
1232
1202
1232
1170
1236
1206
1240
1224
1236
1216
1220
1238
1228
1232
1220
1218
1214
1218
1212
1210
1224
1210
1180
1218
1214
1078
1208
1186
1218
1236
1230
1220
1232
1172
1234
1186
1198
1230
1224
1230
1224
1234
1232
1218
1202
1238
1216
1222
1216
1226
1232
1226
1214
1210
1218
1232
1238
1218
1220
1210
1210
1238
1216
1248
1224
1230
1180
1222
1236
1172
1240
1182
1232
1226
1224
1222
1216
1216
1212
1208
1184
1210
1238
1220
1210
1212
1222
1212
1210
1214
1216
1240
1232
1220
1236
1214
1260
1220
1228
1216
1224
1234
1238
1064
1230
1226
1208
1158
1222
1250
1232
1216
1266
1232
1204
1214
1218
1208
1234
1240
1228
1228
1228
1230
1230
1210
1212
1226
1160
1214
1216
1228
1220
1214
1238
1232
1218
1216
1230
1240
1226
1216
1240
1222
1276
1204
1228
1186
1224
1202
1228
1226
1214
1224
1212
1168
1216
1194
1162
1226
1232
1220
1220
1190
1230
1208
1196
1222
1224
1232
1230
1200
1222
1224
1220
1222
1242
1232
1214
1234
1228
1236
1238
1218
1226
1240
1200
1206
1176
1230
1224
1224
1236
1224
1226
1230
1230
1222
1224
1238
1218
1220
1232
1240
1220
1224
1228
1224
1234
1234
1212
1226
1232
1234
1184
1232
1220
1236
1214
1164
1216
1216
1156
1226
1236
1202
1204
1092
1218
1216
1208
1222
1230
1230
1222
1232
1226
1220
1218
1204
1214
1208
1218
1218
1216
1228
1230
1234
1226
1228
1228
1190
1222
1194
1212
1192
1166
1222
1228
1224
1212
1218
1216
1230
1218
1230
1228
1228
1218
1218
1238
1216
1224
1226
1240
1224
1152
1208
1222
1220
1226
1232
1224
1224
1210
1226
1216
1236
1218
1224
1216
1322
1228
1232
1222
1232
1166
1212
1222
1240
1226
1218
1220
1218
1234
1228
1222
1218
1230
1232
1180
1222
1230
1188
1240
1200
1228
1218
1228
1214
1154
1222
1232
1226
1214
1186
1216
1226
1208
1230
1202
1238
1210
1162
1222
1234
1228
1208
1176
1202
1232
1178
1212
1220
1164
1172
1220
1214
1214
1236
1182
1240
1190
1176
1238
1230
1222
1188
1206
1242
1222
1186
1184
1220
1206
1234
1262
1238
1242
1228
1246
1192
1222
1220
1176
1226
1208
1168
1232
1164
1240
1172
1204
1224
1180
1184
1174
1226
1214
1220
1234
1208
1238
1172
1154
1194
1228
1186
1184
1170
1164
1172
1164
1176
1204
1168
1168
1178
1180
1238
1186
1176
1220
1168
1178
1220
1194
1164
1184
1156
1238
1154
1220
1180
1230
1238
1176
1168
1224
1216
1176
1216
1178
1204
1230
1220
1218
1166
1226
1228
1242
1210
1170
1164
1220
1204
1220
1232
1218
1162
1164
1186
1216
1216
1224
1168
1220
1172
1222
1162
1166
1212
1190
1172
1230
1190
1168
1212
1238
1246
1180
1230
1230
1194
1228
1236
1226
1178
1186
1352
1224
1230
1226
1224
1228
1166
1224
1222
1222
1216
1232
1174
1232
1222
1220
1218
1228
1226
1194
1220
1218
1228
1222
1230
1222
1222
1228
1220
1214
1216
1206
1192
1238
1224
1188
1254
1214
1236
1178
1224
1232
1212
1228
1222
1216
1216
1178
1200
1228
1216
1208
1240
1168
1222
1226
1174
1216
1230
1224
1172
1232
1226
1220
1222
1216
1234
1218
1218
1212
1220
1236
1214
1212
1224
1206
1216
1222
1216
1230
1212
1216
1238
1164
1224
1222
1222
1224
1220
1240
1210
1212
1228
1224
1220
1206
1236
1228
1236
1224
1206
1220
1204
1224
1216
1226
1236
1220
1234
1222
1218
1230
1216
1220
1230
1236
1218
1206
1238
1172
1218
1168
1222
1230
1216
1230
1236
1234
1220
1228
1214
1224
1212
1232
1222
1220
1236
1218
1204
1212
1238
1230
1214
1200
1230
1210
1158
1214
1364
1214
1192
1220
1216
1222
1200
1222
1206
1232
1224
1224
1184
1162
1234
1224
1214
1234
1226
1238
1170
1236
1210
