2202
1040
1038
1032
1022
1016
1022
1026
1026
1036
1024
1028
1010
1022
1040
1034
1020
1080
1034
1022
1026
1032
1032
1024
1018
1020
1022
1012
766
1030
1034
1046
1036
1036
1028
1026
1018
1028
1018
1026
1014
1048
1032
1046
1012
1034
1026
1042
1036
1030
1068
1012
1026
1018
1020
1090
1024
1028
1020
1034
1022
1028
1018
1034
1022
1018
1042
1034
1030
1032
1030
1028
1032
1018
1030
1026
1036
1026
1026
1024
1024
1044
1034
1030
1034
1030
1028
1026
1028
1024
1028
1026
1038
1082
1020
1006
1046
1034
1028
1030
1026
1018
1018
1026
770
1028
1036
1030
1036
1018
1012
1016
1038
1036
1020
1016
1028
1022
1022
1020
1028
1036
1020
1022
1026
1026
1028
1020
1036
1036
1026
1016
1026
1028
1036
1022
1028
1026
1018
1028
1024
1024
768
1028
1030
1018
1030
1014
1026
1030
1028
1020
1034
1028
1008
1036
1030
1024
1024
1034
1026
1032
1022
1020
1060
1024
1020
1024
1034
1074
1024
1022
1030
1018
1028
1026
1038
1024
1030
1022
936
1036
1022
1028
1038
1018
1034
1020
1026
1018
1018
1056
1026
1026
1034
1024
1012
1026
1028
1028
1030
1026
1028
1026
1014
1022
1026
1024
1018
1022
1034
1030
1024
1026
1026
1018
1030
1030
970
1036
1018
1044
1040
1022
1024
1026
1020
1028
1016
1002
1030
1030
1010
1036
1020
1034
1034
1022
1026
1026
1036
1030
1014
1030
1022
1032
1024
1020
1026
1028
1034
1018
1016
1028
1036
1030
1000
1022
1030
1026
1038
1020
1034
1018
1034
1036
1020
1034
1016
1020
1012
1026
1024
1030
1018
1034
1036
1030
1036
1030
1020
1036
1020
1032
1034
1032
1042
1026
1014
1028
1018
1038
1028
1018
1034
1034
1028
1016
1028
1030
1046
1016
1028
1030
1018
1020
1038
1018
1028
1024
1018
1020
1026
1038
1028
1030
998
1018
1018
1032
1018
1076
1044
1022
1020
1028
1018
1024
1030
1016
1028
1034
1024
1038
1020
1022
1028
1022
1032
1026
1042
1018
1016
1024
1018
1020
1018
1022
1018
1020
1032
1026
1026
1038
1056
1032
1030
1028
1026
1026
1036
1034
1030
1034
1032
1022
1028
1024
1032
1016
992
1010
1022
1030
1024
1026
1038
1022
1034
1024
1016
998
1026
1024
1036
1024
1034
1016
1024
1022
1026
1030
1032
1040
1040
1038
1030
1028
1018
1024
1018
1018
1034
1028
1028
1024
1036
1024
1040
1028
1032
1036
1018
1020
1032
1030
1036
1010
1024
1020
994
1022
1030
1018
1028
1004
1022
1020
1032
1036
1028
1026
1030
1022
1026
1028
1064
1028
1032
1032
1026
1012
1034
1028
1022
1044
1024
1026
1024
1024
1022
1034
1034
1020
1022
1034
1038
1034
1016
1018
1028
1022
1020
1026
1010
1028
1030
1028
1026
1026
1030
1028
1026
1026
788
1018
1028
1028
1028
1026
1020
1030
1026
1020
1036
1038
1034
1004
1026
1026
1084
1032
1022
1022
1020
1022
1028
1022
1040
1024
1028
1016
1022
1024
1030
1014
1058
1026
1028
1002
1028
770
1032
1028
1032
1024
1030
1060
1016
1014
1026
1022
1004
1026
1034
1038
1024
1014
1018
1028
1038
1020
1026
1030
1022
1032
1026
1028
1030
1028
1030
1028
1032
1034
1026
1016
1022
1030
1030
1030
1024
1024
1030
1036
1026
1020
1018
1008
1032
1018
996
1028
1034
1012
1016
1074
1034
1028
1032
1014
1036
1044
1036
1038
1032
1032
798
1028
1028
1034
1032
1018
1030
1028
1016
1028
1028
1028
1034
1018
1040
1024
1020
1016
1024
1026
1040
1018
1038
1028
1040
1038
1024
1020
1024
1038
1024
1018
1026
1018
1022
1016
1034
1026
760
1034
1014
1004
1006
1020
1024
1016
1018
1012
806
1020
1030
1024
1026
1020
1040
1020
1034
1022
1030
1024
1020
1026
1026
1026
1028
1028
1018
1020
1022
1030
1006
1022
1022
1004
1026
1078
1008
1016
1020
1020
1022
1018
1032
1032
1030
1044
1026
1034
1024
1020
1022
1028
1030
1032
1028
1028
1038
1022
1022
1030
1024
1026
1024
1032
1026
1020
1022
1026
1016
1028
1020
1016
1030
1016
1028
1032
1024
1024
1026
1030
1034
1030
1036
1024
1012
1026
1032
1018
1016
1010
1020
1024
1022
1028
1022
760
1030
1028
1024
1038
1038
1014
1030
1024
1028
1020
1028
1034
1024
1036
1030
1026
1024
1022
1026
1018
1026
1022
1018
1014
1022
1032
1146
1030
1030
1022
1034
1030
1034
1022
1038
1020
1026
778
1020
1066
1020
1018
1026
1032
1044
1032
1024
1010
1032
1042
1026
1020
1022
1022
1026
1030
1022
1044
1030
1012
1026
1028
1036
1034
1034
1028
1036
1034
1022
1028
1024
1032
1030
1016
1020
774
1026
1018
1028
1036
1024
1016
1028
1026
1032
1020
1028
1020
1020
1046
1042
1034
1020
1026
1022
1022
1024
1004
1026
1026
1050
1020
1080
1022
1030
1022
1034
1024
1038
1028
1024
1022
1028
1040
1024
1034
1032
1020
1016
1034
1048
1036
1046
1026
1008
1030
1020
1042
1034
1020
1022
1026
1024
1034
1028
1004
1022
1032
1024
1040
1024
1020
1024
1028
1032
1020
1020
1034
1030
1038
1022
1032
1028
1024
1030
1022
1016
1038
1028
1020
1022
1022
1022
1032
1026
1030
1014
1020
1024
1038
1028
1030
1040
1026
1030
1024
1024
1028
1022
1040
1032
1028
1024
1022
1006
1024
1018
1036
1030
1080
1042
1022
1022
1034
1036
1024
1028
1016
1030
1028
770
1026
1024
1020
1022
1028
1030
1032
1036
1016
1024
1022
1014
1024
1024
1016
1034
1024
1020
1028
1028
1030
1024
1030
1034
1032
1024
1016
1030
1018
1036
1022
1032
1030
1028
1028
1000
1028
1018
1016
1026
1072
1024
1016
1026
1016
1038
1024
1024
1026
1026
1028
1022
1026
1018
1022
1022
1014
1026
1044
1020
1036
1036
1002
1024
1030
1044
1032
1044
1032
1028
1026
1020
1034
1026
1024
1032
1026
1020
958
1026
1028
1020
1034
1018
1036
1020
1034
