696
612
632
608
614
614
608
610
610
634
614
604
610
618
608
610
598
608
612
614
636
630
608
618
632
634
604
638
598
614
634
628
592
622
616
640
614
632
610
636
600
614
638
600
626
612
618
642
608
598
638
618
624
612
634
614
628
612
590
620
608
644
620
610
600
616
614
642
608
622
602
612
618
632
428
606
608
612
602
578
616
594
634
608
630
630
614
640
642
606
632
616
608
626
600
612
610
364
630
604
616
612
610
640
612
604
612
606
634
600
602
630
596
604
634
638
642
606
598
600
598
600
618
612
608
612
636
610
618
608
614
630
600
610
592
630
612
618
614
604
612
606
614
604
606
608
628
604
626
620
618
610
602
604
614
636
602
644
602
608
600
616
614
634
610
612
612
598
614
598
604
610
598
606
602
624
614
630
612
612
612
612
608
592
610
590
608
612
632
612
592
610
604
616
608
642
610
606
612
608
638
614
630
610
608
632
596
632
636
614
634
600
618
632
602
592
638
574
612
602
592
602
612
616
632
636
360
612
602
642
622
634
600
624
602
612
604
622
624
618
640
628
622
604
602
604
612
590
612
650
614
614
618
626
612
602
634
604
604
612
620
634
626
588
618
632
602
610
626
614
612
616
598
622
612
630
602
624
602
608
628
608
596
612
606
638
612
586
620
606
604
632
596
604
620
614
618
614
624
632
640
636
600
612
608
598
612
636
634
610
610
420
612
616
616
608
636
630
622
600
606
624
622
608
606
636
608
598
602
594
616
622
622
616
606
624
602
622
610
582
636
614
648
734
612
620
606
626
610
614
608
622
568
642
598
608
626
608
610
608
606
608
600
622
610
626
640
596
590
620
610
610
636
606
606
612
614
628
608
610
616
616
620
636
612
622
618
624
622
362
596
614
602
608
626
608
616
610
610
604
614
622
610
604
612
602
598
604
624
610
628
612
606
614
604
598
618
628
608
628
632
626
616
638
618
618
608
618
608
604
636
610
604
608
618
618
604
628
608
610
604
610
612
612
634
610
606
624
602
590
614
606
622
622
604
608
640
608
600
614
606
620
608
630
608
610
608
598
618
610
638
608
602
610
618
612
606
608
628
614
608
612
624
606
604
616
624
608
600
624
594
612
606
624
624
618
614
638
630
364
612
624
598
610
624
636
614
638
648
616
602
590
614
630
608
624
640
618
626
610
610
616
378
612
608
614
590
638
610
606
610
606
606
628
598
612
632
612
636
606
596
602
648
616
608
370
604
604
632
606
628
606
608
602
598
598
606
628
598
616
610
618
616
632
632
618
624
620
608
638
630
636
632
608
600
606
606
624
652
610
632
614
606
618
624
614
632
612
602
642
600
362
608
608
600
602
638
606
610
624
606
632
608
648
606
636
644
616
598
630
616
602
608
608
632
622
588
618
592
594
604
614
594
598
610
612
630
620
612
604
612
622
610
614
604
614
626
636
614
618
612
618
644
612
606
624
366
604
616
610
620
608
620
602
598
626
630
592
598
608
622
626
646
630
628
644
630
638
640
632
624
628
610
630
622
618
646
644
632
606
628
626
640
628
636
642
636
642
624
632
634
628
590
632
638
626
626
638
630
640
624
622
638
630
630
634
636
630
632
606
644
632
628
622
628
644
8632
590
612
632
632
634
646
648
630
590
570
372
662
626
638
632
644
638
632
622
636
622
628
628
628
638
638
630
628
592
636
624
626
620
628
630
636
624
638
640
630
630
626
636
628
626
610
628
630
636
636
628
624
624
642
632
632
640
636
640
630
624
634
630
622
634
634
634
640
604
622
626
630
634
620
640
628
634
638
628
372
644
674
632
632
632
638
622
634
626
622
622
620
640
632
638
648
634
620
626
626
628
630
634
686
642
632
628
624
590
610
632
624
612
604
606
630
612
640
636
604
606
608
608
624
622
606
606
606
604
642
616
638
600
618
612
596
590
616
620
610
368
602
666
634
634
606
602
638
608
616
632
630
608
604
374
636
616
636
606
628
610
638
610
602
630
626
596
620
378
608
594
608
630
614
608
634
640
598
614
612
626
638
374
616
608
630
628
640
606
612
610
594
632
602
638
636
620
606
626
614
612
598
630
610
610
612
606
606
634
618
612
610
606
616
576
604
632
592
616
618
614
602
612
606
606
616
592
636
640
602
630
626
634
622
612
612
606
604
604
630
610
626
608
614
608
622
644
608
604
612
626
604
600
608
612
638
612
610
632
604
624
608
592
616
606
616
614
626
632
616
592
618
636
628
638
638
638
642
624
634
624
628
638
