1381378.584947
1381379.120611
1381379.466855
1381379.471138
1381380.083958
1381380.468685
1381381.139811
1381381.520264
1381382.135787
1381382.727459
1381383.248963
1381383.573820
1381384.253489
1381384.804953
1381385.326448
1381385.715433
1381386.207041
1381386.818321
1381386.822588
1381387.267159
1381387.964166
1381388.361701
1381388.955887
1381389.635562
1381390.118593
1381390.546054
1381390.905145
1381390.909427
1381391.230027
1381391.636119
1381392.063597
1381392.529537
1381393.004011
1381393.593935
1381393.970090
1381394.384734
1381394.389016
1381395.055855
1381395.500427
1381396.466532
1381396.885443
1381397.406938
1381397.911366
1381398.488458
1381398.492726
1381398.830456
1381399.300977
1381399.856717
1381400.399600
1381400.814245
1381401.322972
1381401.682031
1381401.998368
1381402.571195
1381403.002981
1381403.417678
1381403.840896
1381403.845178
1381404.358158
1381404.721487
1381405.307129
1381405.905687
1381406.499890
1381406.897415
1381407.290697
1381407.854932
1381408.483326
1381409.103123
1381409.462213
1381409.795645
1381409.799908
1381410.278675
1381410.976378
1381411.284147
1381411.643232
1381412.190391
1381412.609291
1381413.263315
1381413.776282
1381414.156707
1381414.528604
1381414.891942
1381415.268117
1381415.712683
1381416.067479
1381416.461204
1381417.110966
1381417.705148
1381418.098425
1381418.607114
1381418.970450
1381419.299591
1381419.680017
1381420.299855
1381420.988051
1381421.624977
1381422.090941
1381422.732142
1381423.193785
1381423.711047
1381424.185513
1381424.510409
1381424.899400
1381425.390980
1381426.049273
1381426.583589
1381426.891372
1381427.271826
1381427.798352
1381428.268565
1381428.755871
1381429.149156
1381429.486838
1381429.910051
1381430.273409
1381430.619688
1381431.286546
1381431.607146
1381431.927749
1381432.470625
1381433.740548
1381434.099642
1381434.612600
1381435.129837
1381435.826608
1381436.946601
1381437.275732
1381437.690376
1381438.224723
1381439.101010
1381439.780677
1381440.165400
1381440.575757
1381440.947664
1381441.345195
1381441.670095
1381442.071900
1381442.550657
1381442.875524
1381443.491107
1381443.978421
1381444.599321
1381445.244822
1381445.800540
1381446.347686
1381446.967511
1381447.279553
1381447.642911
1381448.121674
1381448.643195
1381449.010807
1381449.468212
1381450.143626
1381450.742074
1381451.255053
1381451.806486
1381452.208289
1381452.781098
1381453.097415
1381453.456508
1381453.789940
1381454.277239
1381454.905638
1381455.209130
1381455.521185
1381455.948812
1381456.248050
1381456.765279
1381457.453502
1381458.073323
1381458.560628
1381458.983834
1381459.415570
1381459.937075
1381460.398755
1381460.915979
1381461.557192
1381462.078696
1381462.685719
1381463.091815
1381463.647526
1381464.327221
1381464.754669
1381465.310379
1381465.648084
1381466.092655
1381466.532962
1381467.204092
1381467.866652
1381468.512129
1381468.832733
1381469.285838
1381469.670551
1381470.140783
1381470.700737
1381471.179501
1381471.765136
1381472.423428
1381473.086111
1381473.432367
1381474.005150
1381474.501005
1381474.966962
1381475.616680
1381476.198022
1381476.685347
1381477.091422
1381477.480421
1381478.142998
1381478.729302
1381479.242268
1381479.844987
1381480.157022
1381480.541735
1381480.994850
1381481.691614
1381482.268691
1381482.927009
1381483.307462
1381483.957192
1381484.329119
1381484.914729
1381485.397756
1381485.705554
1381486.107371
1381486.671632
1381487.210248
1381487.556506
1381488.206239
1381488.804720
1381489.339058
1381489.672576
1381490.217453
1381490.858646
1381491.333138
1381491.944414
1381492.636918
1381493.325122
1381494.017635
1381494.573360
1381494.979439
1381495.502164
1381495.921081
1381496.228829
1381496.835835
1381497.412921
1381497.819017
1381498.374715
1381498.866321
1381499.486113
1381499.875126
1381500.276949
1381500.918154
1381501.586033
1381502.094718
1381502.693177
1381503.325815
1381503.898630
1381504.270529
1381504.873263
1381505.416141
1381505.753825
1381506.215508
1381506.728470
1381507.138921
1381507.698870
1381508.066524
1381508.711981
1381509.100963
1381509.421567
1381510.054229
1381510.532994
1381511.127186
1381511.499062
1381512.054787
1381512.448044
1381512.845714
1381513.260363
1381513.572414
1381514.106767
1381514.641099
1381515.196813
1381515.842267
1381516.162862
1381516.671551
1381517.201635
1381517.821435
1381518.257488
1381518.958569
1381519.552719
1381520.027214
1381520.706890
1381521.168568
1381521.835427
1381522.241508
1381522.886994
1381523.352919
1381523.707723
1381524.332811
1381524.948360
1381525.354477
1381526.042710
1381526.577046
1381526.923307
1381527.367884
1381528.034748
1381528.697304
1381529.176068
1381529.736737
1381530.044530
1381530.497631
1381530.848153
1381531.245669
1381531.583391
1381532.194656
1381532.874309
1381533.297522
1381533.797653
1381534.370459
1381534.947532
1381535.431015
1381536.132055
1381536.717680
1381537.414450
1381538.047086
1381538.534400
1381539.149981
1381539.560324
1381540.154503
1381540.594806
1381541.150558
1381541.471162
1381542.095263
1381542.710804
1381543.347733
1381543.651246
1381544.275326
1381544.835318
1381545.425209
1381545.993748
1381546.622248
1381547.105293
1381547.455805
1381548.114085
1381548.627055
1381549.020333
1381549.563221
1381550.131735
1381550.653280
1381551.277360
1381551.768970
1381552.183613
1381553.166790
1381553.474582
1381553.837921
1381554.273954
1381554.962177
1381555.560602
1381556.167601
1381556.723329
1381557.086653
1381557.757779
1381558.398968
1381558.762319
1381559.121416
1381559.809620
1381560.369625
1381560.878330
1381561.532446
1381561.865919
1381562.442992
1381562.994412
1381563.545827
1381563.866443
1381564.276800
1381564.601689
1381565.093314
1381565.700316
1381566.149165
1381566.820292
1381567.504208
1381567.935981
1381568.542978
1381569.147062
1381569.540331
1381570.168712
1381570.775727
1381571.237390
1381571.681966
1381572.216329
1381572.609594
1381573.092630
1381573.631242
1381574.332296
1381574.824236
1381575.354314
1381576.004201
1381576.555664
1381577.239627
1381577.880820
1381578.299730
1381578.975135
1381579.637733
1381580.005358
1381580.317398
1381580.877409
1381581.317693
1381581.860584
1381582.305154
1381582.972053
1381583.626102
1381584.036466
1381584.399811
1381584.758876
1381585.229108
1381585.746339
1381586.092603
1381586.687588
1381586.986803
1381587.546788
1381587.948605
1381588.247865
1381588.880501
1381589.534571
1381590.188571
1381590.778496
1381591.441052
1381591.941195
1381592.518272
1381593.112484
1381593.689566
1381594.347848
1381594.971967
1381595.318224
1381595.737131
1381596.314212
1381596.981072
1381597.626536
1381598.242109
1381598.810670
1381599.366384
1381599.986325
1381600.490736
1381600.845533
1381601.328561
1381601.730374
1381602.106522
1381602.751999
1381603.239315
1381603.602653
1381604.299443
1381604.962026
1381605.620308
1381606.022154
1381606.624874
1381607.206228
1381608.172273
1381608.484334
1381608.941698
1381609.454659
1381609.770995
1381610.091591
1381610.681518
1381611.070518
1381611.771555
1381612.237475
1381612.553788
1381612.968431
1381613.665210
1381614.131157
1381614.606588
1381615.187940
1381615.876171
1381616.273729
1381616.705461
1381617.295386
1381617.684392
1381618.154593
1381618.637641
1381619.116405
1381619.573793
1381619.920053
1381620.536626
1381620.951279
1381621.301807
1381621.836156
1381622.284996
1381622.699649
1381623.199776
1381623.704167
1381624.328295
1381624.811319
1381625.858943
1381626.483029
1381626.876306
1381627.402094
1381628.013363
1381628.436553
1381628.898226
1381629.368425
1381630.005362
1381630.578160
1381631.215092
1381631.579457
1381632.041098
1381632.588249
1381633.391906
1381633.815111
1381634.409252
1381635.037651
1381635.559132
