1381378.583980210
1381379.117479168
1381379.462769356
1381380.082236835
1381380.466512277
1381381.136711624
1381381.516924656
1381382.135140599
1381382.725355237
1381383.246612314
1381383.569803199
1381384.249042704
1381384.802285422
1381385.324482946
1381385.714741333
1381386.205937703
1381386.817222698
1381387.264488322
1381387.959696436
1381388.358947432
1381388.952325356
1381389.633681680
1381390.115020565
1381390.545242770
1381390.902570511
1381391.226325035
1381391.631581281
1381392.058928087
1381392.528282047
1381393.000601536
1381393.592903952
1381393.966222235
1381394.383513784
1381395.052924348
1381395.498292848
1381396.008634901
1381396.462962996
1381396.881275153
1381397.403490458
1381397.910738206
1381398.487043677
1381398.828620455
1381399.297830167
1381399.853069908
1381400.398394099
1381400.811696141
1381401.321922618
1381401.679253226
1381401.995476687
1381402.568707972
1381403.000978938
1381403.416267412
1381403.838592676
1381404.357088111
1381404.718424214
1381405.304663592
1381405.904997557
1381406.495384784
1381406.896778768
1381407.287156685
1381407.851483539
1381408.480756570
1381409.098944739
1381409.458162945
1381409.794333069
1381410.277807101
1381410.973079070
1381411.283460497
1381411.640738099
1381412.189047751
1381412.606439153
1381413.261773560
1381413.775105733
1381414.152346638
1381414.527564639
1381414.888764885
1381415.264979021
1381415.711222941
1381416.066412571
1381416.457606483
1381417.107859353
1381417.701107615
1381418.096464281
1381418.604685351
1381418.968892618
1381419.297239674
1381419.678531194
1381420.295731134
1381420.984919435
1381421.624209032
1381422.090402006
1381422.728587471
1381423.189867259
1381423.710064967
1381424.182243136
1381424.509435204
1381424.897612675
1381425.387784807
1381426.047957727
1381426.580261731
1381426.887453322
1381427.268659031
1381427.793864234
1381428.267122593
1381428.752306244
1381429.147632282
1381429.485969514
1381429.907356678
1381430.269704600
1381430.615918278
1381431.284153817
1381431.603385420
1381431.923731266
1381432.466040580
1381433.111350308
1381433.736712213
1381434.098139454
1381434.610462458
1381435.125797044
1381435.822200885
1381436.300544652
1381436.942889684
1381437.275154379
1381437.687501322
1381438.222851581
1381438.613227012
1381439.096577680
1381439.775936527
1381440.161399377
1381440.573770469
1381440.946141974
1381441.342480407
1381441.665723769
1381442.070061742
1381442.549407134
1381442.872681905
1381443.488039824
1381443.977379483
1381444.596731259
1381445.242016756
1381445.797221878
1381446.346558079
1381446.963749054
1381447.275128159
1381447.640449619
1381448.119635535
1381448.640973512
1381449.009332495
1381449.465693206
1381450.141020685
1381450.741223061
1381451.254559039
1381451.804762456
1381452.205146542
1381452.778498351
1381453.093876769
1381453.455209270
1381453.789403918
1381454.275718454
1381454.905027611
1381455.208301462
1381455.517628308
1381455.945956046
1381456.246331860
1381456.763678261
1381457.450983478
1381458.069224922
1381458.559515173
1381458.980685349
1381459.413961964
1381459.933260789
1381460.397412517
1381460.911666512
1381461.555859940
1381462.075209385
1381462.681514991
1381463.090809319
1381463.643965861
1381464.326250026
1381464.751420464
1381465.307590626
1381465.645798287
1381466.091039735
1381466.532202597
1381467.203360940
1381467.862528530
1381468.509710211
1381468.831877787
1381469.282053853
1381469.666216285
1381470.136383831
1381470.699537884
1381471.178690255
1381471.761839877
1381472.419998230
1381473.082186338
1381473.429445886
1381474.002720203
1381474.498018331
1381474.963205360
1381475.614484249
1381476.196776155
1381476.683057433
1381477.088336162
1381477.478551100
1381478.139790355
1381478.725999002
1381479.238316297
1381479.840578875
1381480.153854977
1381480.541063129
1381480.993314542
1381481.689620797
1381482.266994162
1381482.923381144
1381483.303722859
1381483.956047990
1381484.328265563
1381484.912448594
1381485.394628251
1381485.702783392
1381486.106931674
1381486.668146922
1381487.207515279
1381487.555762242
1381488.201936136
1381488.803196422
1381489.338381455
1381489.669571556
1381490.213741017
1381490.856942992
1381491.332214370
1381491.943437117
1381492.635673672
1381493.321900048
1381494.016307416
1381494.570657458
1381494.976886074
1381495.501057669
1381495.917314887
1381496.226485515
1381496.832681824
1381497.409867573
1381497.815268868
1381498.370558221
1381498.862848115
1381499.483037040
1381499.872237220
1381500.273572888
1381500.915874436
1381501.584095655
1381502.090296291
1381502.690629637
1381503.323939775
1381503.896274201
1381504.266534062
1381504.870863528
1381505.412219591
1381505.749540282
1381506.212823237
1381506.726042015
1381507.137327077
1381507.694520354
1381508.064700962
1381508.710858492
1381509.098020012
1381509.420176217
1381510.053321864
1381510.531474745
1381511.122647705
1381511.497820503
1381512.050025765
1381512.447374065
1381512.842674467
1381513.258924594
1381513.569231099
1381514.103507686
1381514.638813260
1381515.193139894
1381515.840455943
1381516.158791233
1381516.670023873
1381517.200355936
1381517.819694833
1381518.256035765
1381518.955295506
1381519.548636433
1381520.023959668
1381520.706236938
1381521.164561849
1381521.830875919
1381522.237118215
1381522.884461732
1381523.351788688
1381523.703133323
1381524.328431283
1381524.947760220
1381525.350097861
1381526.039411455
1381526.575683633
1381526.919901008
1381527.366181046
1381528.030432774
1381528.692658879
1381529.174104451
1381529.733324147
1381530.043662418
1381530.493889006
1381530.844070354
1381531.243367830
1381531.582610499
1381532.192909712
1381532.873327179
1381533.293738069
1381533.793952720
1381534.367320481
1381534.943589299
1381535.429909934
1381536.129197751
1381536.715532655
1381537.413891229
1381538.046181002
1381538.531414172
1381539.145599804
1381539.556774873
1381540.152933913
1381540.592142471
1381541.146299840
1381541.470483558
1381542.092658787
1381542.709846579
1381543.345013844
1381543.647258618
1381544.271434210
1381544.833605855
1381545.421763242
1381545.992918712
1381546.620104857
1381547.102259819
1381547.454417680
1381548.109567417
1381548.622730127
1381549.016882494
1381549.560043429
1381550.128263264
1381550.649495677
1381551.273687479
1381551.765858564
1381552.183030751
1381552.820296303
1381553.164438284
1381553.472641985
1381553.834911623
1381554.270216374
1381554.960394949
1381555.558565662
1381556.166728437
1381556.719975997
1381557.085174895
1381557.753335170
1381558.394502714
1381558.758697795
1381559.119826691
1381559.809106224
1381560.368325965
1381560.876680425
1381561.530953993
1381561.861398819
1381562.441653956
1381562.989943967
1381563.544316571
1381563.862527795
1381564.273757018
1381564.599956078
1381565.089140220
1381565.698323172
1381566.147660843
1381566.815878933
1381567.502102521
1381567.934375365
1381568.540554226
1381569.145894270
1381569.538207832
1381570.166515304
1381570.772849844
1381571.235200946
1381571.679384845
1381572.215708173
1381572.608038376
1381573.088238261
1381573.628462456
1381574.327725177
1381574.820030011
1381575.350227222
1381576.003404946
1381576.553654101
1381577.234918957
1381577.878186007
1381578.296559450
1381578.970869034
1381579.634654653
1381580.003989961
1381580.313264641
1381580.874511699
1381581.315761545
1381581.858972356
1381582.300379803
1381582.969662614
1381583.621899123
1381584.035122439
1381584.398308809
1381584.756481665
1381585.227664407
1381585.741861767
1381586.089048255
1381586.683229859
1381586.983430970
1381587.545697870
1381587.944990724
1381588.246252978
1381588.877470163
1381589.532713111
1381590.186957381
1381590.774200964
1381591.438401403
1381591.938609459
1381592.513817710
1381593.111028656
1381593.686244731
1381594.345432310
1381594.967625444
1381595.316821389
1381595.734999426
1381596.310408443
1381596.979756874
1381597.623141463
1381598.238472908
1381598.809810517
1381599.365021826
1381599.982207316
1381600.488530747
1381600.840803070
1381601.325153655
1381601.726455138
1381602.105794367
1381602.748105322
1381603.237444250
1381603.598719095
1381604.295032830
1381604.959260624
1381605.619600911
1381606.020912905
1381606.623321176
1381607.205611027
1381607.581854932
1381608.169240586
1381608.480530653
1381608.938775228
1381609.451166592
1381609.770508188
1381610.090763665
1381610.678965699
1381611.066347514
1381611.390714051
1381611.770981009
1381612.236327570
1381612.552660721
1381612.965948371
1381613.663229864
1381614.128580546
1381614.602982014
1381615.185395914
1381615.871636490
1381616.270032941
1381616.702406392
1381617.291762131
1381617.681035311
1381618.153278820
1381618.634642086
1381619.112064393
1381619.571439005
1381619.918804146
1381620.533070292
1381620.949448129
1381621.297813102
1381621.833154721
1381622.282522708
1381622.698889254
1381623.195315101
1381623.700682733
1381624.323948447
1381624.809331987
1381625.272523919
1381625.854757111
1381626.482172994
1381626.874563071
1381627.399931005
1381628.011166101
1381628.432386487
1381628.896760551
1381629.366184991
1381630.004581824
1381630.574984739
1381631.211368253
1381631.576575052
1381632.037946069
1381632.586363164
1381632.976743221
1381633.388145736
1381633.814489134
1381634.407689716
1381635.035137754
